Datetime,Open,High,Low,Close,Adj Close,Volume
2020-06-09 09:30:00-04:00,52.94969940185547,55.59000015258789,52.720001220703125,54.83760070800781,54.83760070800781,27818393
2020-06-09 10:30:00-04:00,54.84000015258789,55.59000015258789,54.82500076293945,55.290000915527344,55.290000915527344,11188417
2020-06-09 11:30:00-04:00,55.279998779296875,55.900001525878906,55.185001373291016,55.7599983215332,55.7599983215332,8584899
2020-06-09 12:30:00-04:00,55.7599983215332,56.08000183105469,55.58000183105469,55.9900016784668,55.9900016784668,6445890
2020-06-09 13:30:00-04:00,55.9900016784668,56.22999954223633,55.650001525878906,55.77989959716797,55.77989959716797,7615334
2020-06-09 14:30:00-04:00,55.77000045776367,56.42169952392578,55.7400016784668,56.314998626708984,56.314998626708984,7910773
2020-06-09 15:30:00-04:00,56.314998626708984,56.459999084472656,56.0,56.38999938964844,56.38999938964844,7196241
2020-06-10 09:30:00-04:00,57.20000076293945,59.0,57.029998779296875,58.415000915527344,58.415000915527344,30379384
2020-06-10 10:30:00-04:00,58.41170120239258,58.689998626708984,57.66299819946289,58.34000015258789,58.34000015258789,12109273
2020-06-10 11:30:00-04:00,58.34000015258789,58.5,57.869998931884766,58.099998474121094,58.099998474121094,5647361
2020-06-10 12:30:00-04:00,58.10499954223633,58.362998962402344,57.58000183105469,57.580101013183594,57.580101013183594,5133027
2020-06-10 13:30:00-04:00,57.580101013183594,58.36989974975586,57.13999938964844,58.33000183105469,58.33000183105469,9571085
2020-06-10 14:30:00-04:00,58.34000015258789,58.36000061035156,57.220001220703125,57.87990188598633,57.87990188598633,9418021
2020-06-10 15:30:00-04:00,57.87519836425781,57.959999084472656,57.3650016784668,57.440101623535156,57.440101623535156,5121714
2020-06-11 09:30:00-04:00,55.939998626708984,56.41999816894531,54.70000076293945,56.010101318359375,56.010101318359375,18442672
2020-06-11 10:30:00-04:00,56.0099983215332,56.68000030517578,55.310001373291016,55.439998626708984,55.439998626708984,10740946
2020-06-11 11:30:00-04:00,55.43000030517578,55.470001220703125,54.40999984741211,54.58000183105469,54.58000183105469,10075127
2020-06-11 12:30:00-04:00,54.56999969482422,55.099998474121094,54.10499954223633,54.58570098876953,54.58570098876953,10094329
2020-06-11 13:30:00-04:00,54.59000015258789,54.89500045776367,53.86000061035156,53.98500061035156,53.98500061035156,7612670
2020-06-11 14:30:00-04:00,53.9900016784668,54.130001068115234,52.900001525878906,53.060001373291016,53.060001373291016,10815318
2020-06-11 15:30:00-04:00,53.060001373291016,53.63999938964844,52.79999923706055,52.83000183105469,52.83000183105469,8482660
2020-06-12 09:30:00-04:00,55.0099983215332,55.599998474121094,54.34000015258789,54.72999954223633,54.72999954223633,15641880
2020-06-12 10:30:00-04:00,54.72999954223633,54.95000076293945,54.11000061035156,54.13999938964844,54.13999938964844,4757079
2020-06-12 12:30:00-04:00,53.33919906616211,53.399898529052734,53.02000045776367,53.220001220703125,53.220001220703125,21499759
2020-06-12 13:30:00-04:00,53.209999084472656,53.290000915527344,52.11000061035156,52.71989822387695,52.71989822387695,11165782
2020-06-12 14:30:00-04:00,52.720001220703125,53.5,52.66999816894531,52.95500183105469,52.95500183105469,10088746
2020-06-12 15:30:00-04:00,52.959999084472656,53.70000076293945,52.880001068115234,53.47999954223633,53.47999954223633,6530960
2020-06-15 09:30:00-04:00,52.58000183105469,54.29999923706055,52.41999816894531,53.89500045776367,53.89500045776367,15651874
2020-06-15 10:30:00-04:00,53.8849983215332,53.900001525878906,53.11000061035156,53.224998474121094,53.224998474121094,9415186
2020-06-15 11:30:00-04:00,53.224998474121094,53.849998474121094,52.9900016784668,53.689998626708984,53.689998626708984,6934013
2020-06-15 12:30:00-04:00,53.69430160522461,53.95000076293945,53.5,53.770999908447266,53.770999908447266,4989339
2020-06-15 13:30:00-04:00,53.775001525878906,54.599998474121094,53.71860122680664,54.58000183105469,54.58000183105469,7228194
2020-06-15 14:30:00-04:00,54.58000183105469,54.72999954223633,54.2400016784668,54.26499938964844,54.26499938964844,6132827
2020-06-15 15:30:00-04:00,54.2599983215332,54.709999084472656,54.11000061035156,54.689998626708984,54.689998626708984,4526058
2020-06-16 09:30:00-04:00,55.720001220703125,56.06999969482422,54.619998931884766,54.880001068115234,54.880001068115234,15323931
2020-06-16 10:30:00-04:00,54.880001068115234,55.31169891357422,53.59000015258789,54.27000045776367,54.27000045776367,10581273
2020-06-16 11:30:00-04:00,54.2599983215332,54.53580093383789,53.959999084472656,54.250099182128906,54.250099182128906,5780263
2020-06-16 12:30:00-04:00,54.2400016784668,54.849998474121094,54.22999954223633,54.60350036621094,54.60350036621094,4664379
2020-06-16 13:30:00-04:00,54.6083984375,54.650001525878906,54.23500061035156,54.400001525878906,54.400001525878906,4077777
2020-06-16 14:30:00-04:00,54.39500045776367,54.560001373291016,53.88999938964844,54.220001220703125,54.220001220703125,4912590
2020-06-16 15:30:00-04:00,54.22999954223633,54.47999954223633,54.058998107910156,54.459999084472656,54.459999084472656,4208690
2020-06-17 09:30:00-04:00,54.790000915527344,55.81999969482422,54.5099983215332,54.94900131225586,54.94900131225586,14719337
2020-06-17 10:30:00-04:00,54.95000076293945,55.369998931884766,54.8650016784668,55.22990036010742,55.22990036010742,5638489
2020-06-17 11:30:00-04:00,55.220001220703125,55.349998474121094,54.77000045776367,54.790000915527344,54.790000915527344,3991775
2020-06-17 12:30:00-04:00,54.78350067138672,55.16379928588867,54.7599983215332,54.900001525878906,54.900001525878906,3490388
2020-06-17 13:30:00-04:00,54.904998779296875,55.119998931884766,54.79999923706055,54.95000076293945,54.95000076293945,3194172
2020-06-17 14:30:00-04:00,54.95000076293945,55.15999984741211,54.29999923706055,54.40999984741211,54.40999984741211,5555141
2020-06-17 15:30:00-04:00,54.41999816894531,54.72999954223633,54.3650016784668,54.540000915527344,54.540000915527344,3976437
2020-06-18 09:30:00-04:00,54.619998931884766,55.122501373291016,54.04999923706055,54.216800689697266,54.216800689697266,10620895
2020-06-18 10:30:00-04:00,54.22999954223633,54.59000015258789,54.0099983215332,54.290000915527344,54.290000915527344,5853832
2020-06-18 11:30:00-04:00,54.290000915527344,54.29899978637695,53.650001525878906,54.00699996948242,54.00699996948242,5711108
2020-06-18 12:30:00-04:00,54.0,54.040000915527344,53.790000915527344,53.85900115966797,53.85900115966797,2900457
2020-06-18 13:30:00-04:00,53.85499954223633,54.0099983215332,53.720001220703125,53.888999938964844,53.888999938964844,3002129
2020-06-18 14:30:00-04:00,53.88999938964844,54.119998931884766,53.83000183105469,54.04499816894531,54.04499816894531,3818233
2020-06-18 15:30:00-04:00,54.04499816894531,54.150001525878906,53.970001220703125,54.03499984741211,54.03499984741211,3903102
2020-06-19 09:30:00-04:00,54.40999984741211,55.45500183105469,54.150001525878906,54.810001373291016,54.810001373291016,15439078
2020-06-19 10:30:00-04:00,54.81060028076172,55.09000015258789,54.560001373291016,54.920101165771484,54.920101165771484,6488265
2020-06-19 11:30:00-04:00,54.92499923706055,54.9379997253418,53.880001068115234,54.23500061035156,54.23500061035156,5879131
2020-06-19 12:30:00-04:00,54.2400016784668,54.62369918823242,54.10499954223633,54.2599983215332,54.2599983215332,4832817
2020-06-19 13:30:00-04:00,54.2599983215332,54.35609817504883,53.880001068115234,53.91999816894531,53.91999816894531,4461636
2020-06-19 14:30:00-04:00,53.91510009765625,54.5099983215332,53.814998626708984,54.400001525878906,54.400001525878906,4717176
2020-06-19 15:30:00-04:00,54.40999984741211,54.48899841308594,54.20000076293945,54.220001220703125,54.220001220703125,3669347
2020-06-22 09:30:00-04:00,54.66999816894531,54.72999954223633,53.7400016784668,54.064998626708984,54.064998626708984,10753537
2020-06-22 10:30:00-04:00,54.06999969482422,54.279998779296875,53.810001373291016,54.0,54.0,5476814
2020-06-22 11:30:00-04:00,54.0099983215332,54.419498443603516,53.88999938964844,54.40999984741211,54.40999984741211,3543890
2020-06-22 12:30:00-04:00,54.4015998840332,55.16999816894531,54.36000061035156,54.79999923706055,54.79999923706055,7137122
2020-06-22 13:30:00-04:00,54.80569839477539,55.06999969482422,54.70000076293945,54.79169845581055,54.79169845581055,3701683
2020-06-22 14:30:00-04:00,54.790000915527344,55.0,54.43000030517578,54.589900970458984,54.589900970458984,4794150
2020-06-22 15:30:00-04:00,54.599998474121094,54.849998474121094,54.54999923706055,54.779998779296875,54.779998779296875,3951319
2020-06-23 09:30:00-04:00,55.04999923706055,55.119998931884766,53.869998931884766,54.59000015258789,54.59000015258789,13127393
2020-06-23 10:30:00-04:00,54.58000183105469,54.97999954223633,54.560001373291016,54.970001220703125,54.970001220703125,7378848
2020-06-23 11:30:00-04:00,54.970001220703125,55.369998931884766,54.665000915527344,55.1349983215332,55.1349983215332,6732954
2020-06-23 12:30:00-04:00,55.13990020751953,55.16999816894531,54.720001220703125,54.775001525878906,54.775001525878906,3654783
2020-06-23 13:30:00-04:00,54.77840042114258,54.880001068115234,54.41999816894531,54.67499923706055,54.67499923706055,4027359
2020-06-23 14:30:00-04:00,54.66999816894531,54.70000076293945,54.27000045776367,54.305198669433594,54.305198669433594,3465687
2020-06-23 15:30:00-04:00,54.29999923706055,54.3849983215332,53.959999084472656,54.0099983215332,54.0099983215332,5084714
2020-06-24 09:30:00-04:00,53.939998626708984,54.7400016784668,53.33000183105469,53.779998779296875,53.779998779296875,13429935
2020-06-24 10:30:00-04:00,53.77000045776367,53.77000045776367,52.5,52.91999816894531,52.91999816894531,9250155
2020-06-24 11:30:00-04:00,52.93000030517578,52.97999954223633,52.029998779296875,52.630001068115234,52.630001068115234,8232320
2020-06-24 12:30:00-04:00,52.630001068115234,52.97999954223633,52.38999938964844,52.519901275634766,52.519901275634766,5888245
2020-06-24 13:30:00-04:00,52.5099983215332,52.540000915527344,51.91999816894531,52.505001068115234,52.505001068115234,5860639
2020-06-24 14:30:00-04:00,52.5,52.75080108642578,52.16999816894531,52.619998931884766,52.619998931884766,5177981
2020-06-24 15:30:00-04:00,52.61000061035156,52.790000915527344,52.20000076293945,52.39099884033203,52.39099884033203,4198621
2020-06-25 09:30:00-04:00,52.560001373291016,52.70000076293945,50.540000915527344,51.58000183105469,51.58000183105469,18117443
2020-06-25 10:30:00-04:00,51.589900970458984,51.90660095214844,51.119998931884766,51.279998779296875,51.279998779296875,7545748
2020-06-25 11:30:00-04:00,51.27899932861328,52.074798583984375,51.04999923706055,51.845001220703125,51.845001220703125,5584320
2020-06-25 12:30:00-04:00,51.849998474121094,52.029998779296875,51.56999969482422,51.580101013183594,51.580101013183594,4247589
2020-06-25 13:30:00-04:00,51.58000183105469,51.790000915527344,51.34880065917969,51.47999954223633,51.47999954223633,3744378
2020-06-25 14:30:00-04:00,51.470001220703125,51.900001525878906,51.18000030517578,51.83209991455078,51.83209991455078,5779186
2020-06-25 15:30:00-04:00,51.834999084472656,51.97999954223633,51.640098571777344,51.970001220703125,51.970001220703125,3872716
2020-06-26 09:30:00-04:00,51.849998474121094,51.95000076293945,51.029998779296875,51.349998474121094,51.349998474121094,9318017
2020-06-26 10:30:00-04:00,51.3400993347168,51.46770095825195,50.66999816894531,51.31999969482422,51.31999969482422,7649437
2020-06-26 11:30:00-04:00,51.31999969482422,51.619998931884766,50.810001373291016,51.11000061035156,51.11000061035156,4930325
2020-06-26 12:30:00-04:00,51.11000061035156,51.3849983215332,50.88999938964844,51.310001373291016,51.310001373291016,3365838
2020-06-26 13:30:00-04:00,51.309898376464844,51.38999938964844,50.959999084472656,51.040000915527344,51.040000915527344,3070221
2020-06-26 14:30:00-04:00,51.03099822998047,51.16999816894531,50.87009811401367,51.154998779296875,51.154998779296875,3862934
2020-06-26 15:30:00-04:00,51.14500045776367,51.29990005493164,49.45000076293945,50.130001068115234,50.130001068115234,12667613
2020-06-29 09:30:00-04:00,50.150001525878906,50.27000045776367,48.41999816894531,49.38999938964844,49.38999938964844,15884919
2020-06-29 10:30:00-04:00,49.400001525878906,49.60219955444336,48.69499969482422,49.125,49.125,8462450
2020-06-29 11:30:00-04:00,49.12799835205078,49.70500183105469,48.709999084472656,49.650001525878906,49.650001525878906,7415665
2020-06-29 12:30:00-04:00,49.654998779296875,49.97999954223633,49.61000061035156,49.64500045776367,49.64500045776367,4497836
2020-06-29 13:30:00-04:00,49.657501220703125,49.900001525878906,49.599998474121094,49.749900817871094,49.749900817871094,3106745
2020-06-29 14:30:00-04:00,49.744998931884766,49.869998931884766,49.5,49.61000061035156,49.61000061035156,3329852
2020-06-29 15:30:00-04:00,49.61000061035156,50.279998779296875,49.61000061035156,50.279998779296875,50.279998779296875,4610621
2020-06-30 09:30:00-04:00,51.15999984741211,52.61000061035156,50.81999969482422,52.084999084472656,52.084999084472656,15051071
2020-06-30 10:30:00-04:00,52.08000183105469,52.45500183105469,51.90999984741211,51.92499923706055,51.92499923706055,5358618
2020-06-30 11:30:00-04:00,51.93000030517578,52.2599983215332,51.71500015258789,51.9900016784668,51.9900016784668,4698794
2020-06-30 12:30:00-04:00,52.0,52.036598205566406,51.619998931884766,51.93000030517578,51.93000030517578,3385609
2020-06-30 13:30:00-04:00,51.93000030517578,52.25,51.81999969482422,52.22999954223633,52.22999954223633,3117041
2020-06-30 14:30:00-04:00,52.22999954223633,52.400001525878906,52.06999969482422,52.35499954223633,52.35499954223633,3522205
2020-06-30 15:30:00-04:00,52.35499954223633,52.77000045776367,52.34000015258789,52.58000183105469,52.58000183105469,4921229
2020-07-01 09:30:00-04:00,52.630001068115234,52.67850112915039,51.599998474121094,52.52000045776367,52.52000045776367,10721969
2020-07-01 10:30:00-04:00,52.52000045776367,52.72999954223633,52.16999816894531,52.28499984741211,52.28499984741211,5344984
2020-07-01 11:30:00-04:00,52.290000915527344,52.540000915527344,52.2400016784668,52.310001373291016,52.310001373291016,2808316
2020-07-01 12:30:00-04:00,52.310001373291016,52.540000915527344,52.150001525878906,52.20500183105469,52.20500183105469,2980842
2020-07-01 13:30:00-04:00,52.20000076293945,52.564998626708984,52.20000076293945,52.4099006652832,52.4099006652832,2396160
2020-07-01 14:30:00-04:00,52.41999816894531,52.814998626708984,52.31999969482422,52.720001220703125,52.720001220703125,3456717
2020-07-01 15:30:00-04:00,52.72999954223633,52.869998931884766,52.540000915527344,52.58000183105469,52.58000183105469,3636329
2020-07-02 09:30:00-04:00,53.03350067138672,53.15999984741211,52.279998779296875,52.330101013183594,52.330101013183594,10051566
2020-07-02 10:30:00-04:00,52.337100982666016,52.67499923706055,52.05080032348633,52.13990020751953,52.13990020751953,4978616
2020-07-02 11:30:00-04:00,52.13999938964844,52.529998779296875,52.089900970458984,52.380001068115234,52.380001068115234,3334906
2020-07-02 12:30:00-04:00,52.380001068115234,52.494998931884766,52.20000076293945,52.46500015258789,52.46500015258789,1784929
2020-07-02 13:30:00-04:00,52.46500015258789,52.4900016784668,52.22999954223633,52.3849983215332,52.3849983215332,2066528
2020-07-02 14:30:00-04:00,52.38999938964844,52.599998474121094,52.36000061035156,52.435001373291016,52.435001373291016,2694744
2020-07-02 15:30:00-04:00,52.439998626708984,52.51499938964844,52.209999084472656,52.33000183105469,52.33000183105469,3060430
2020-07-06 09:30:00-04:00,52.900001525878906,53.220001220703125,52.33000183105469,52.70500183105469,52.70500183105469,11255326
2020-07-06 10:30:00-04:00,52.72999954223633,53.130001068115234,52.630001068115234,53.095001220703125,53.095001220703125,4234468
2020-07-06 11:30:00-04:00,53.095001220703125,53.52000045776367,52.970001220703125,53.08000183105469,53.08000183105469,6450624
2020-07-06 12:30:00-04:00,53.07500076293945,53.5099983215332,53.0099983215332,53.27170181274414,53.27170181274414,4347388
2020-07-06 13:30:00-04:00,53.275001525878906,53.439998626708984,52.824798583984375,52.96500015258789,52.96500015258789,3068796
2020-07-06 14:30:00-04:00,52.96500015258789,53.33000183105469,52.91999816894531,53.31999969482422,53.31999969482422,3185903
2020-07-06 15:30:00-04:00,53.314998626708984,53.45000076293945,53.2400016784668,53.380001068115234,53.380001068115234,2661451
2020-07-07 09:30:00-04:00,53.279998779296875,54.16999816894531,53.279998779296875,53.59000015258789,53.59000015258789,10090108
2020-07-07 10:30:00-04:00,53.599998474121094,53.75,53.25,53.439998626708984,53.439998626708984,4367396
2020-07-07 11:30:00-04:00,53.45000076293945,53.63999938964844,53.189998626708984,53.40999984741211,53.40999984741211,4503957
2020-07-07 12:30:00-04:00,53.40999984741211,53.65999984741211,53.349998474121094,53.48500061035156,53.48500061035156,3140129
2020-07-07 13:30:00-04:00,53.4900016784668,53.64500045776367,53.209999084472656,53.25,53.25,2754495
2020-07-07 14:30:00-04:00,53.25,53.28499984741211,53.029998779296875,53.209999084472656,53.209999084472656,2994715
2020-07-07 15:30:00-04:00,53.209999084472656,53.345001220703125,52.86000061035156,52.93000030517578,52.93000030517578,3075692
2020-07-08 09:30:00-04:00,53.0099983215332,53.290000915527344,52.2599983215332,52.36000061035156,52.36000061035156,10352811
2020-07-08 10:30:00-04:00,52.34000015258789,52.845001220703125,52.06999969482422,52.27000045776367,52.27000045776367,5345617
2020-07-08 11:30:00-04:00,52.27000045776367,52.79999923706055,52.25299835205078,52.77000045776367,52.77000045776367,3746917
2020-07-08 12:30:00-04:00,52.77000045776367,53.165000915527344,52.650001525878906,52.814998626708984,52.814998626708984,4881210
2020-07-08 13:30:00-04:00,52.81999969482422,52.95000076293945,52.560001373291016,52.650001525878906,52.650001525878906,2932164
2020-07-08 14:30:00-04:00,52.650001525878906,53.20000076293945,52.56999969482422,53.099998474121094,53.099998474121094,3700275
2020-07-08 15:30:00-04:00,53.099998474121094,53.470001220703125,53.03499984741211,53.42499923706055,53.42499923706055,3411458
2020-07-09 09:30:00-04:00,53.52000045776367,55.79999923706055,53.310001373291016,55.65999984741211,55.65999984741211,19240496
2020-07-09 10:30:00-04:00,55.650001525878906,56.18000030517578,54.619998931884766,55.209999084472656,55.209999084472656,17896179
2020-07-09 11:30:00-04:00,55.21500015258789,55.59000015258789,55.06999969482422,55.474998474121094,55.474998474121094,6226570
2020-07-09 12:30:00-04:00,55.474998474121094,56.56999969482422,55.33000183105469,56.279998779296875,56.279998779296875,10182693
2020-07-09 13:30:00-04:00,56.290000915527344,56.75,55.93000030517578,56.744998931884766,56.744998931884766,9166609
2020-07-09 14:30:00-04:00,56.749900817871094,57.58000183105469,56.56999969482422,57.119998931884766,57.119998931884766,13219739
2020-07-09 15:30:00-04:00,57.1150016784668,57.459999084472656,56.88990020751953,57.2599983215332,57.2599983215332,9225318
2020-07-10 09:30:00-04:00,57.45000076293945,58.099998474121094,55.900001525878906,56.77000045776367,56.77000045776367,24305808
2020-07-10 10:30:00-04:00,56.755001068115234,56.79050064086914,56.130001068115234,56.63999938964844,56.63999938964844,9382162
2020-07-10 11:30:00-04:00,56.6349983215332,56.73500061035156,55.86000061035156,56.02000045776367,56.02000045776367,6771239
2020-07-10 12:30:00-04:00,56.0099983215332,56.53160095214844,55.91999816894531,56.380001068115234,56.380001068115234,4483460
2020-07-10 13:30:00-04:00,56.369998931884766,56.470001220703125,55.72999954223633,55.738399505615234,55.738399505615234,4688262
2020-07-10 14:30:00-04:00,55.73649978637695,55.869998931884766,55.5099983215332,55.80080032348633,55.80080032348633,5327443
2020-07-10 15:30:00-04:00,55.79999923706055,55.9900016784668,55.75,55.88999938964844,55.88999938964844,3633567
2020-07-13 09:30:00-04:00,57.040000915527344,58.349998474121094,56.66999816894531,57.125,57.125,17754505
2020-07-13 10:30:00-04:00,57.12260055541992,57.150001525878906,56.4900016784668,56.79999923706055,56.79999923706055,7651069
2020-07-13 11:30:00-04:00,56.720001220703125,56.959999084472656,56.53499984741211,56.92499923706055,56.92499923706055,3707846
2020-07-13 12:30:00-04:00,56.92499923706055,56.95000076293945,56.43000030517578,56.779998779296875,56.779998779296875,3853259
2020-07-13 13:30:00-04:00,56.790000915527344,56.83000183105469,55.279998779296875,55.38130187988281,55.38130187988281,6767501
2020-07-13 14:30:00-04:00,55.380001068115234,55.689998626708984,54.31999969482422,54.43000030517578,54.43000030517578,8682370
2020-07-13 15:30:00-04:00,54.41999816894531,54.5098991394043,53.380001068115234,53.599998474121094,53.599998474121094,7609385
2020-07-14 09:30:00-04:00,53.79999923706055,54.69499969482422,52.2599983215332,52.84000015258789,52.84000015258789,17389855
2020-07-14 10:30:00-04:00,52.84000015258789,53.779998779296875,52.70500183105469,53.68989944458008,53.68989944458008,9356050
2020-07-14 11:30:00-04:00,53.68000030517578,54.39500045776367,53.4900016784668,54.119998931884766,54.119998931884766,6592111
2020-07-14 12:30:00-04:00,54.130001068115234,54.400001525878906,53.61000061035156,53.98500061035156,53.98500061035156,5288661
2020-07-14 13:30:00-04:00,53.9900016784668,54.54999923706055,53.95500183105469,54.47010040283203,54.47010040283203,5326466
2020-07-14 14:30:00-04:00,54.47999954223633,54.56999969482422,53.79999923706055,54.310001373291016,54.310001373291016,5306420
2020-07-14 15:30:00-04:00,54.310001373291016,54.86000061035156,54.20000076293945,54.775001525878906,54.775001525878906,4106519
2020-07-15 09:30:00-04:00,54.959999084472656,54.9900016784668,53.93000030517578,54.4900016784668,54.4900016784668,11486752
2020-07-15 10:30:00-04:00,54.5,54.81999969482422,53.59000015258789,54.18000030517578,54.18000030517578,7159725
2020-07-15 11:30:00-04:00,54.189998626708984,54.290000915527344,53.72999954223633,54.263099670410156,54.263099670410156,5138817
2020-07-15 12:30:00-04:00,54.275001525878906,54.685001373291016,54.040000915527344,54.599098205566406,54.599098205566406,5063540
2020-07-15 13:30:00-04:00,54.599998474121094,55.130001068115234,54.50619888305664,55.00310134887695,55.00310134887695,4095180
2020-07-15 14:30:00-04:00,55.0,55.16999816894531,54.7400016784668,55.16999816894531,55.16999816894531,3838992
2020-07-15 15:30:00-04:00,55.16999816894531,55.369998931884766,55.02000045776367,55.334999084472656,55.334999084472656,4177713
2020-07-16 09:30:00-04:00,54.68000030517578,55.13999938964844,53.900001525878906,54.08000183105469,54.08000183105469,10555484
2020-07-16 10:30:00-04:00,54.06999969482422,54.36989974975586,53.7400016784668,53.94990158081055,53.94990158081055,6592277
2020-07-16 11:30:00-04:00,53.935001373291016,54.4900016784668,53.900001525878906,54.244998931884766,54.244998931884766,3930155
2020-07-16 12:30:00-04:00,54.2400016784668,54.68000030517578,54.22999954223633,54.560001373291016,54.560001373291016,3097871
2020-07-16 13:30:00-04:00,54.56999969482422,54.86000061035156,54.42499923706055,54.84000015258789,54.84000015258789,3513187
2020-07-16 14:30:00-04:00,54.84000015258789,55.04999923706055,54.63999938964844,55.02000045776367,55.02000045776367,4472895
2020-07-16 15:30:00-04:00,55.02000045776367,55.11000061035156,54.67499923706055,54.91999816894531,54.91999816894531,3687237
2020-07-17 09:30:00-04:00,55.30009841918945,55.810001373291016,54.81999969482422,54.9900016784668,54.9900016784668,12820688
2020-07-17 10:30:00-04:00,54.9900016784668,55.349998474121094,54.68000030517578,55.349998474121094,55.349998474121094,5725864
2020-07-17 11:30:00-04:00,55.334999084472656,55.38999938964844,54.96480178833008,55.18170166015625,55.18170166015625,3291660
2020-07-17 12:30:00-04:00,55.18000030517578,55.33000183105469,54.755001068115234,54.959999084472656,54.959999084472656,3345176
2020-07-17 13:30:00-04:00,54.96989822387695,55.220001220703125,54.849998474121094,55.147499084472656,55.147499084472656,2466151
2020-07-17 14:30:00-04:00,55.150001525878906,55.279998779296875,54.959999084472656,55.09000015258789,55.09000015258789,3205375
2020-07-17 15:30:00-04:00,55.099998474121094,55.15999984741211,54.97999954223633,55.040000915527344,55.040000915527344,2805436
2020-07-20 09:30:00-04:00,55.22999954223633,56.02000045776367,54.83000183105469,55.92499923706055,55.92499923706055,9684606
2020-07-20 10:30:00-04:00,55.93000030517578,56.75,55.83000183105469,56.72999954223633,56.72999954223633,7359826
2020-07-20 11:30:00-04:00,56.7234001159668,57.04499816894531,56.59000015258789,56.7400016784668,56.7400016784668,7716059
2020-07-20 12:30:00-04:00,56.7400016784668,56.76499938964844,56.40999984741211,56.52000045776367,56.52000045776367,3943915
2020-07-20 13:30:00-04:00,56.52000045776367,57.15999984741211,56.47999954223633,57.09000015258789,57.09000015258789,4529928
2020-07-20 14:30:00-04:00,57.09000015258789,57.31999969482422,56.97999954223633,57.22010040283203,57.22010040283203,5006157
2020-07-20 15:30:00-04:00,57.224998474121094,57.529998779296875,57.11000061035156,57.45000076293945,57.45000076293945,5385161
2020-07-21 09:30:00-04:00,57.80500030517578,58.5,56.81999969482422,57.150001525878906,57.150001525878906,15706892
2020-07-21 10:30:00-04:00,57.15999984741211,57.27000045776367,56.470001220703125,56.650001525878906,56.650001525878906,7494715
2020-07-21 11:30:00-04:00,56.650001525878906,56.880001068115234,56.317298889160156,56.869998931884766,56.869998931884766,4435965
2020-07-21 12:30:00-04:00,56.869998931884766,57.18000030517578,56.72999954223633,57.154998779296875,57.154998779296875,3023447
2020-07-21 13:30:00-04:00,57.1599006652832,57.68000030517578,57.130001068115234,57.4900016784668,57.4900016784668,4646360
2020-07-21 14:30:00-04:00,57.48979949951172,57.5099983215332,56.75,56.82099914550781,56.82099914550781,4343957
2020-07-21 15:30:00-04:00,56.83000183105469,57.029998779296875,56.650001525878906,57.0,57.0,4005718
